64,3
64,2
64,1
64,0
63,3
63,2
63,1
63,0
62,3
62,2
62,1
62,0
61,4
61,3
61,2
61,1
61,0
60,3
60,2
60,1
60,0
59,3
59,2
59,1
59,0
57,1
57,0
56,3
56,2
56,1
56,0
55,3
55,2
55,1
55,0
52,3
52,1
52,0
35,3
35,1
35,0
33,3
33,1
33,0
21,3
21,1
19,3
19,1
17,3
17,1
16,3
16,1
16,0
15,3
15,1
12,3
12,1
11,3
11,1
10,3
10,1
6,4
6,1
5,3
5,1
4,3
4,1
4,0
2,4
2,3
2,1
2,0
1,3
1,1
1,0
48,1
48,3
0,438
48,0
9,1
9,3
9,0
0,9
0,310
0,305
0,308
0,304
0,303
0,302
0,307
0,12
0,437
0,10
0,8
0,0
0,436
0,300
0,435
0,299
0,434
0,298
0,433
0,297
0,432
0,296
0,431
0,295
0,430
0,294
0,429
0,293
0,428
0,292
0,427
0,291
0,426
0,290
0,425
0,289
0,424
0,288
0,423
0,287
0,422
0,286
0,285
0,421
0,284
0,420
0,283
0,419
0,282
0,418
0,281
0,417
0,280
0,416
0,279
0,415
0,278
0,414
0,277
0,413
0,276
0,412
0,275
0,411
0,274
0,410
0,273
0,409
0,272
0,407
0,271
0,406
0,270
0,405
0,269
0,404
0,268
0,403
0,267
0,402
0,266
0,401
0,265
0,400
0,264
0,399
0,263
0,398
0,262
0,397
0,261
0,396
0,260
0,395
0,259
0,394
0,258
0,393
0,257
0,392
0,256
0,391
0,255
0,390
0,254
0,372
0,253
0,389
0,252
0,388
0,251
0,371
0,250
0,370
0,249
0,387
0,248
0,386
0,247
0,385
0,246
0,384
0,245
0,383
0,244
0,382
0,242
0,381
0,241
0,369
0,240
0,380
0,239
0,379
0,238
0,378
0,237
0,377
0,236
0,376
0,235
0,375
0,234
0,374
0,233
0,373
0,232
0,368
0,231
0,367
0,230
0,366
0,229
0,365
0,228
0,364
0,227
0,363
0,226
0,362
0,225
0,361
0,224
0,360
0,223
0,359
0,222
